VERSION: 4
COMMENT: CaF2 Hexagonal phae
K0:       120.000
K0P:       4.00000
SYMMETRY: HEXAGONAL
A:       3.8851
C:       5.9267
ALPHAT:      0.000000
DIHKL:   3.3646     24.    1.00    1.00    0.00
DIHKL:   2.9634     40.    0.00    0.00    2.00
DIHKL:   2.9260    100.    0.00    1.00    1.00
DIHKL:   2.2238     72.    0.00    1.00    2.00
DIHKL:   1.9426     67.    1.00    1.00    0.00
DIHKL:   1.7036     19.    1.00    1.00    3.00
DIHKL:   1.6246     34.    1.00    2.00    2.00
DIHKL:   1.6184     15.    2.00    2.00    1.00
