VERSION: 4
COMMENT: CaF2Orthorhombic phae
K0:       100.000
K0P:       4.00000
SYMMETRY: ORTHORHOMBIC
A:       6.018
B:       3.614
C:       7.023
ALPHAT:      0.000000
DIHKL:   3.5115      6.    0.00    0.00    2.00
DIHKL:   3.2135     26.    0.00    1.00    1.00
DIHKL:   3.0329     47.    1.00    0.00    2.00
DIHKL:   3.0090     23.    2.00    0.00    0.00
DIHKL:   2.8347     44.    1.00    1.00    1.00
DIHKL:   2.3232     40.    1.00    1.00    2.00
DIHKL:   2.3124     21.    2.00    1.00    0.00
DIHKL:   2.2849     11.    2.00    0.00    2.00
DIHKL:   2.1964    100.    2.00    1.00    1.00
DIHKL:   2.1817     12.    1.00    0.00    3.00
DIHKL:   1.9648     54.    0.00    1.00    3.00
DIHKL:   1.8678     19.    1.00    1.00    3.00
