VERSION: 4
COMMENT: gamma-Fe5C2 monoclinic(51-0997)
K0:        174.0
K0P:       4.8
SYMMETRY: MONOCLINIC
A:       11.58
B:       4.579
C:       5.059
BETA:        97.746
ALPHAT:      0.000000
DIHKL: 2.65441  8   3  1 -1   
DIHKL:  2.50648 11   0  0  2   
DIHKL:  2.42157  7   3  1  1 
DIHKL: 2.29015 23   0  2  0   
DIHKL:  2.20840 38   1  1 -2   
DIHKL:  2.19196 22   2  0  2  
DIHKL:  2.11380 21   1  1  2   
DIHKL:  2.08349 100   0  2  1   
DIHKL:  2.05297 100   5  1  0  
DIHKL: 2.02789 19   4  0 -2   
DIHKL:  2.01286 33   3  1 -2   
DIHKL:  1.99318  8   2  2 -1  
DIHKL: 1.92466 27   2  2  1   
DIHKL:  1.77382 11   4  0  2   
DIHKL:  1.73326 11   4  2 -1  
DIHKL:  1.69175  6   5  1 -2   
DIHKL:  1.66398  3   2  2 -2   
DIHKL: 1.63088  5   6  0 -2  
DIHKL:  1.58329  7   2  2  2   
DIHKL:  1.52057  7   4  2 -2 
DIHKL: 1.38201 10   3  3 -1  
DIHKL:  1.34631  7   3  3  1   
DIHKL:  1.32383  2   8  0 -2 
DIHKL:  1.25391 11   5  3 -1  
DIHKL:  1.21849 18   1  1 -4   
DIHKL:  1.21118  8   5  3  1   
DIHKL: 1.17276 12   4  2  3
