VERSION: 4
COMMENT: FeS (III) Nelmes 1999
K0:       80.0
K0P:       4.0
SYMMETRY: MONOCLINIC
A:      8.35114
B:      5.84507
C:      6.68091
ALPHA:  90.0
BETA:   93.0
GAMMA:  90.0
ALPHAT:      4.26E-5
DIHKL:   6.6718      7.    0.00    0.00    1.00
DIHKL:   4.7865      5.    1.00    1.00    0.00
DIHKL:   3.9457     12.    1.00    1.00    1.00
DIHKL:   3.4557     11.    2.00    0.00    1.00
DIHKL:   3.3946      8.    2.00    1.00    0.00
DIHKL:   2.9747     77.    2.00    1.00    1.00
DIHKL:   2.9225     45.    0.00    2.00    0.00
DIHKL:   2.8972      8.    0.00    1.00    2.00
DIHKL:   2.6990     31.    1.00    1.00    2.00
DIHKL:   2.6740     21.    2.00    0.00    2.00
DIHKL:   2.5646     48.    1.00    2.00    1.00
DIHKL:   2.5104     39.    3.00    1.00    0.00
DIHKL:   2.4317     11.    2.00    1.00    2.00
DIHKL:   2.3302     11.    2.00    1.00    2.00
DIHKL:   2.2315     11.    2.00    2.00    1.00
DIHKL:   2.2239     26.    0.00    0.00    3.00
DIHKL:   2.1982      9.    0.00    2.00    2.00
DIHKL:   2.1078     16.    1.00    2.00    2.00
DIHKL:   2.0786     77.    0.00    1.00    3.00
DIHKL:   2.0531      5.    3.00    1.00    2.00
DIHKL:   2.0142     12.    3.00    2.00    0.00
DIHKL:   2.0064      6.    2.00    0.00    3.00
DIHKL:   1.9729    100.    2.00    2.00    2.00
DIHKL:   1.9637      9.    4.00    1.00    0.00
DIHKL:   1.9610     10.    4.00    0.00    1.00
DIHKL:   1.9095     98.    4.00    1.00    4.00
DIHKL:   1.9083      6.    3.00    2.00    1.00
DIHKL:   1.8592     17.    4.00    4.00    4.00
DIHKL:   1.8307     23.    1.00    3.00    1.00
DIHKL:   1.8250     33.    2.00    1.00    3.00
DIHKL:   1.7698     10.    0.00    2.00    3.00
DIHKL:   1.7278     28.    4.00    0.00    2.00
DIHKL:   1.6961     75.    2.00    3.00    1.00