VERSION: 4
COMMENT: FeS (VI) Ono 2006
K0:       156.0
K0P:       4.0
SYMMETRY: ORTHORHOMBIC
A:      5.55695
B:      5.35246
C:      3.34529
ALPHAT:      4.26E-5
DIHKL:   3.8550     12.    1.00    1.00    0.00
DIHKL:   2.8660     67.    1.00    0.00    1.00
DIHKL:   2.7785     12.    2.00    0.00    0.00
DIHKL:   2.6762      8.    0.00    2.00    0.00
DIHKL:   2.5266     58.    1.00    1.00    1.00
DIHKL:   2.4660     22.    2.00    1.00    0.00
DIHKL:   2.0898      6.    0.00    2.00    1.00
DIHKL:   1.9850     45.    2.00    1.00    1.00
DIHKL:   1.9560    100.    1.00    2.00    1.00
DIHKL:   1.9275     47.    2.00    2.00    0.00
DIHKL:   1.7505     12.    3.00    1.00    0.00
DIHKL:   1.6701     42.    2.00    2.00    1.00
DIHKL:   1.6205     20.    3.00    0.00    1.00
DIHKL:   1.5510      6.    3.00    1.00    1.00
DIHKL:   1.5231      3.    3.00    2.00    0.00
DIHKL:   1.4330      4.    2.00    0.00    2.00
DIHKL:   1.4184      3.    0.00    2.00    2.00