VERSION: 4				
COMMENT: Ge-I				
K0: 58				
K0P: 4.8				
SYMMETRY: CUBIC				
A: 5.6576				
ALPHAT: 0				
DIHKL: 3.266416883 100 1 1 1
DIHKL: 2.000263663 57  2 2 0
DIHKL: 1.705830583 39  3 1 1
DIHKL: 1.633208441 7   4 0 0
DIHKL: 1.4144	   10  3 3 1
DIHKL: 1.297942456 17  4 2 2
DIHKL: 1.154852764 7   5 1 1
DIHKL: 1.088805628 3   4 4 0
DIHKL: 1.088805628 11  5 3 1
DIHKL: 1.000131831 6   6 2 0
DIHKL: 0.956308942 4   5 3 3
