VERSION: 4				
COMMENT: Ge-II				
K0: 72				
K0P: 3.8				
SYMMETRY: TETRAGONAL				
A: 5.208				
C: 2.865				
ALPHAT: 0				
DIHKL: 2.604       100   2 0 0
DIHKL: 2.51023645  90.59 1 0 1
DIHKL: 1.841306058 37.96 2 2 0
DIHKL: 1.807244155 71.78 2 1 1
DIHKL: 1.484706957 19.6  3 0 1
DIHKL: 1.335051	   7.73  1 1 2
DIHKL: 1.302       12.78 4 0 0
DIHKL: 1.289788666 24.76 3 2 1
DIHKL: 1.255118225 0     2 0 2
DIHKL: 1.164544203 17.52 4 2 0
DIHKL: 1.155781898 17.06 4 1 1
DIHKL: 1.080842191 27.02 3 1 2
DIHKL: 0.97891277  4.77  5 0 1
DIHKL: 0.97891277  9.54  4 3 1
DIHKL: 0.963493273 0     4 0 2
DIHKL: 0.939337863 4.11  1 0 3
DIHKL: 0.932118659 8.01  3 3 2
DIHKL: 0.920653029 3.83  4 4 0
DIHKL: 0.916305159 7.54  5 2 1
DIHKL: 0.903622077 0     4 2 2
