VERSION: 4
COMMENT: brucite (trigonal phase -- ambient modified to P=0) 
K0:        45.600
K0P:       6.306000
SYMMETRY: HEXAGONAL
A:       3.142
C:       4.766
ALPHAT:      0.000000
DIHKL:   4.7690     63.8    0.00    0.00    1.00
DIHKL:   2.7271     2.78    1.00    0.00    0.00
DIHKL:   2.3674     100.    1.00    0.00    1.00
DIHKL:   1.7951     46.1    1.00    0.00    2.00
DIHKL:   1.5745     29.0    1.00    1.00    0.00
DIHKL:   1.4951     13.3    1.00    1.00    1.00
DIHKL:   1.3734     16.0    1.00    0.00    3.00
DIHKL:   1.3110	  10.4    2.00    0.00    1.00
DIHKL:   1.1923     2.18    0.00    0.00    4.00
DIHKL:   1.1837     9.39    2.00    0.00    2.00
DIHKL:   1.0924     2.70    1.00    0.00    4.00