VERSION: 4
COMMENT: MgO (JCPDS 4-0829, Speziale and Duffy)
K0:       160.200
K0P:       3.9900
SYMMETRY: CUBIC
A:      4.21700
ALPHAT:      1.35E-5
DIHKL:   2.4347     10.    1.00    1.00    1.00
DIHKL:   2.1085    100.    2.00    0.00    0.00
DIHKL:   1.4909     52.    2.00    2.00    0.00
DIHKL:   1.2715      4.    3.00    1.00    1.00
DIHKL:   1.2173     12.    2.00    2.00    2.00
DIHKL:   1.05425      5.    4.00    0.00    0.00
DIHKL:   0.9674      2.    3.00    3.00    1.00
DIHKL:   0.94295     17.    4.00    2.00    0.00
DIHKL:   0.8608     15.    4.00    2.00    2.00
DIHKL:   0.8116      3.    5.00    1.00    1.00
