VERSION: 4				
COMMENT: Si-I				
K0: 95				
K0P: 3.8				
SYMMETRY: CUBIC				
A: 5.4309				
ALPHAT: 0				
DIHKL: 3.135531577 100   1 1 1
DIHKL: 1.920113109 76.43 2 2 0
DIHKL: 1.637477961 48.59 3 1 1
DIHKL: 1.567765788 0     2 2 2
DIHKL: 1.357725    14.01 4 0 0
DIHKL: 1.245933909 21.49 3 3 1
DIHKL: 1.10857782  29.38 4 2 2
DIHKL: 1.045177192 11.99 5 1 1
DIHKL: 1.045177192 4     3 3 3
DIHKL: 0.960056554 8.82  4 4 0
DIHKL: 0.917989648 14.87 5 3 1
DIHKL: 0.90515     0     4 4 2
DIHKL: 0.858700687 11.42 6 2 0
DIHKL: 0.828204486 4.92  5 3 3
DIHKL: 0.818738981 0     6 2 2
DIHKL: 0.783882894 2.59  4 4 4
