VERSION: 4				
COMMENT: Si-II				
K0: 116				
K0P: 4				
SYMMETRY: TETRAGONAL				
A: 4.751				
C: 2.622				
ALPHAT: 0				
DIHKL: 2.3755      100   2 0 0
DIHKL: 2.295609628 90.59 1 0 1
DIHKL: 1.679732159 37.96 2 2 0
DIHKL: 1.650762143 71.78 2 1 1
DIHKL: 1.355589783 19.6  3 0 1
DIHKL: 1.221299548 27.73 1 1 2
DIHKL: 1.18775     12.78 4 0 0
DIHKL: 1.177373919 24.76 3 2 1
DIHKL: 1.147804814 0     2 0 2
DIHKL: 1.062355896 17.52 4 2 0
DIHKL: 1.054911919 17.06 4 1 1
DIHKL: 0.987799594 27.02 3 1 2
