VERSION: 4				
COMMENT: Si-V				
K0: 113.5				
K0P: 4.2				
SYMMETRY: HEXAGONAL				
A: 2.62				
C: 2.45				
ALPHAT: 0				
DIHKL: 2.4495  41.31 0 0 1
DIHKL: 2.26881 100   1 0 0
DIHKL: 1.66451 83.37 1 0 1
DIHKL: 1.3099 20.59  1 1 0
DIHKL: 1.22475 5.57  0 0 2
DIHKL: 1.15511 27.66 1 1 1
DIHKL: 1.13441 13.03 2 0 0
DIHKL: 1.07775 21.94 1 0 2
DIHKL: 1.02938 18.7  2 0 1
DIHKL: 0.89462 11.1  1 1 2
DIHKL: 0.85753 9.37  2 1 0
DIHKL: 0.83225 8.29  2 0 2
DIHKL: 0.8165  1.28  0 0 3
DIHKL: 0.80937 14.76 2 1 1
