VERSION: 4
COMMENT: YIG(JCPDS 5-0628, EOS from dcal)
K0:       193.
K0P:       4.00000
SYMMETRY: CUBIC
A:      12.3760
ALPHAT:      0.000000
DIHKL: 2.76736     100.     4   2   0
DIHKL: 2.52624     44.49    2   2   4
DIHKL: 1.65381     41.02    2   2   0
DIHKL: 1.71624     34.94    3   1   1
DIHKL: 3.094       32.89    2   2   2
DIHKL: 1.35033     20.32    4   0   0
DIHKL: 1.547       14.36    3   3   1
DIHKL: 1.78632     13.01    4   2   0
DIHKL: 1.38368      9.91    4   2   2
DIHKL: 1.31929      8.2     6   6   4  
DIHKL: 2.00765      7.12    1   1   6
DIHKL: 2.25954      6.89    5   2   1
DIHKL: 5.05248      5.43    4   1   2
DIHKL: 2.42713      2.87    4   3   1
DIHKL: 1.68416      1.97    7   2   1
DIHKL: 3.30763      1.74    3   2   1
DIHKL: 2.18779      1.61    4   4   0
DIHKL: 2.63857      1.32    3   3   2